	SKW26	SKW59	SKW40	SKW81	SKW39	SKW38	SKW94	SKW54	SKW47	SKW63	SKW91	SKW50	SKW61	SKW67	SKW13	SKW71	SKW62	SKW48	SKW70	SKW44	SKW45	SKW29	SKW58	SKW41	SKW19	SKW14	SKW46	SKW68	SKW69	SKW32	SKW16	SKW66	SKW22	SKW89	SKW43	SKW64	SKW76	SKW53	SKW92	SKW12	SKW84	SKW60	SKW56	SKW51	SKW7	SKW52	SKW95	SKW87	SKW85	SKW33	SKW79	SKW82	SKW80	SKW3	SKW83	SKW4	SKW57	SKW21	SKW30	SKW72	SKW74	SKW73	SKW77	SKW2	SKW27	SKW78	SKW28	SKW23	SKW17	SKW18	SKW35	SKW24	SKW90	SKW65	SKW8	SKW10	SKW93	SKW88	SKW11	SKW6	SKW86	SKW9	SKW15	SKW96	SKW34	SKW37	SKW5	SKW42	SKW55	SKW49	SKW36	SKW20	SKW25	SKW75	SKW1
SKW26	0.0	0.8715	0.685	0.837	0.795	0.767	0.751	0.876	0.8145	0.924	0.7235	0.8445	0.7615	0.856	0.776	0.851	0.753	0.8885	0.797	0.8625	0.7675	0.7305	0.847	0.7725	0.8395	0.7225	0.857	0.804	0.8215	0.861	0.8695	0.9015	0.835	0.847	0.6925	0.933	0.917	0.854	0.851	0.6805	0.845	0.91	0.8215	0.8885	0.814	0.884	0.726	0.7775	0.7685	0.9245	0.8345	0.8745	0.829	0.7945	0.818	0.8485	0.772	0.7615	0.829	0.8265	0.7955	0.855	0.829	0.64	0.8175	0.8355	0.724	0.93	0.7315	0.9415	0.88	0.897	0.7925	0.8775	0.85	0.8855	0.7695	0.6965	0.677	0.8575	0.771	0.879	0.754	0.7395	0.8765	0.944	0.922	0.798	0.905	0.9065	0.9505	0.88	0.4235	0.7845	0.886
SKW59	0.8715	0.0	0.8465	0.8975	0.888	0.867	0.9015	0.7155	0.8745	0.879	0.857	0.7685	0.852	0.878	0.8115	0.8785	0.868	0.936	0.866	0.898	0.77	0.904	0.899	0.845	0.9085	0.8495	0.87	0.8075	0.7795	0.918	0.8425	0.882	0.88	0.902	0.8805	0.9365	0.87	0.9045	0.879	0.903	0.8705	0.662	0.811	0.8655	0.8695	0.9025	0.8675	0.8925	0.8715	0.938	0.891	0.8785	0.864	0.9325	0.8525	0.928	0.8235	0.87	0.886	0.8315	0.8605	0.8785	0.852	0.9215	0.827	0.8735	0.9355	0.94	0.848	0.9585	0.929	0.944	0.8785	0.9275	0.9125	0.919	0.8905	0.8545	0.897	0.876	0.878	0.8455	0.902	0.9175	0.9255	0.8955	0.8195	0.776	0.7865	0.8665	0.889	0.9185	0.8945	0.8365	0.933
SKW40	0.685	0.8465	0.0	0.88	0.42	0.412	0.8975	0.859	0.722	0.923	0.8545	0.777	0.4995	0.486	0.538	0.463	0.474	0.5005	0.4475	0.459	0.6165	0.359	0.524	0.669	0.801	0.8175	0.798	0.5145	0.703	0.6895	0.8555	0.863	0.4395	0.8705	0.905	0.951	0.8825	0.6905	0.8785	0.7865	0.8675	0.91	0.702	0.865	0.641	0.8305	0.869	0.8825	0.88	0.874	0.877	0.8845	0.8615	0.8895	0.8455	0.8955	0.636	0.6645	0.448	0.7345	0.523	0.468	0.5895	0.655	0.7335	0.769	0.4485	0.9165	0.729	0.895	0.49	0.5105	0.8715	0.9305	0.4315	0.502	0.895	0.7905	0.763	0.8835	0.884	0.8635	0.8995	0.866	0.427	0.9375	0.9095	0.7675	0.915	0.8725	0.9335	0.4335	0.533	0.7205	0.4975
SKW81	0.837	0.8975	0.88	0.0	0.881	0.88	0.5675	0.8965	0.9395	0.918	0.529	0.903	0.9405	0.9615	0.8255	0.9455	0.946	0.98	0.8875	0.9575	0.8415	0.8725	0.955	0.848	0.807	0.8525	0.9545	0.845	0.8195	0.964	0.861	0.762	0.925	0.5465	0.882	0.936	0.728	0.9505	0.438	0.8515	0.3825	0.9335	0.8765	0.8685	0.945	0.86	0.5725	0.547	0.5325	0.9355	0.311	0.31	0.4385	0.5895	0.415	0.545	0.772	0.8905	0.9065	0.925	0.9	0.926	0.9045	0.904	0.8685	0.844	0.9065	0.8025	0.7335	0.9565	0.9735	0.9835	0.537	0.9075	0.8725	0.964	0.5585	0.481	0.901	0.719	0.55	0.811	0.7555	0.711	0.9725	0.9275	0.9195	0.8475	0.864	0.9345	0.93	0.9735	0.869	0.812	0.9745
SKW39	0.795	0.888	0.42	0.881	0.0	0.3305	0.9115	0.9185	0.8115	0.9275	0.87	0.8545	0.5705	0.4695	0.5345	0.5285	0.54	0.486	0.508	0.475	0.7115	0.4055	0.5585	0.9095	0.863	0.8195	0.8865	0.582	0.764	0.768	0.882	0.905	0.459	0.8815	0.8975	0.979	0.948	0.756	0.886	0.7785	0.8895	0.9205	0.7315	0.9125	0.697	0.889	0.889	0.8965	0.8895	0.952	0.898	0.91	0.9045	0.914	0.8755	0.913	0.689	0.701	0.4745	0.799	0.487	0.5025	0.6055	0.687	0.8045	0.8405	0.432	0.9365	0.7435	0.978	0.481	0.4895	0.8945	0.9205	0.4545	0.4825	0.9075	0.8005	0.86	0.899	0.899	0.879	0.9225	0.8705	0.4635	0.9675	0.928	0.8105	0.9235	0.958	0.961	0.4735	0.604	0.7815	0.4715
SKW38	0.767	0.867	0.412	0.88	0.3305	0.0	0.87	0.93	0.8255	0.9285	0.826	0.853	0.5535	0.263	0.555	0.5275	0.524	0.2835	0.5235	0.282	0.7175	0.3245	0.5655	0.9095	0.894	0.8375	0.891	0.594	0.754	0.785	0.8755	0.918	0.469	0.898	0.934	0.9775	0.9615	0.7595	0.8595	0.7275	0.889	0.9255	0.719	0.9295	0.6925	0.89	0.846	0.857	0.8505	0.953	0.8725	0.9155	0.8905	0.869	0.8695	0.879	0.693	0.7225	0.3275	0.8	0.553	0.505	0.599	0.644	0.812	0.8585	0.1825	0.9455	0.7035	0.978	0.278	0.286	0.8495	0.9275	0.2805	0.2755	0.868	0.757	0.881	0.9075	0.851	0.875	0.8825	0.826	0.337	0.9695	0.923	0.8205	0.967	0.972	0.961	0.274	0.5675	0.8005	0.264
SKW94	0.751	0.9015	0.8975	0.5675	0.9115	0.87	0.0	0.9085	0.9405	0.9355	0.2395	0.9495	0.942	0.977	0.916	0.958	0.959	0.9935	0.9245	0.971	0.871	0.854	0.9675	0.9215	0.9665	0.892	0.961	0.869	0.8355	0.976	0.8585	0.93	0.942	0.643	0.929	0.946	0.9335	0.9645	0.449	0.688	0.4435	0.952	0.8945	0.9175	0.953	0.968	0.3035	0.1525	0.271	0.9605	0.448	0.583	0.5175	0.526	0.477	0.571	0.849	0.925	0.9815	0.9465	0.9135	0.942	0.935	0.768	0.9405	0.885	0.826	0.9465	0.866	0.965	0.9875	0.9995	0.289	0.9615	0.9775	0.9785	0.22	0.4365	0.938	0.8135	0.2565	0.8845	0.73	0.532	0.988	0.9215	0.9265	0.832	0.929	0.932	0.927	0.989	0.7435	0.875	0.9875
SKW54	0.876	0.7155	0.859	0.8965	0.9185	0.93	0.9085	0.0	0.89	0.9205	0.871	0.77	0.899	0.9365	0.8305	0.907	0.9105	0.965	0.8385	0.929	0.7765	0.919	0.9155	0.8215	0.904	0.8715	0.8965	0.8465	0.841	0.8895	0.8335	0.8975	0.8665	0.911	0.8665	0.948	0.8525	0.8815	0.8845	0.948	0.865	0.8395	0.8605	0.9035	0.893	0.8875	0.8735	0.883	0.864	0.909	0.88	0.876	0.8685	0.9295	0.8555	0.935	0.8535	0.8715	0.9355	0.846	0.876	0.895	0.891	0.9245	0.8505	0.8915	0.958	0.93	0.8945	0.937	0.962	0.977	0.869	0.9255	0.936	0.957	0.8905	0.8985	0.8915	0.88	0.8795	0.8615	0.9055	0.9545	0.913	0.865	0.861	0.767	0.678	0.853	0.8775	0.9375	0.911	0.866	0.9665
SKW47	0.8145	0.8745	0.722	0.9395	0.8115	0.8255	0.9405	0.89	0.0	0.9245	0.905	0.556	0.75	0.8035	0.803	0.7255	0.771	0.8545	0.743	0.817	0.7605	0.7395	0.7365	0.79	0.539	0.815	0.271	0.5825	0.808	0.54	0.8885	0.883	0.7075	0.926	0.9165	0.964	0.6335	0.6365	0.9185	0.827	0.92	0.9315	0.8105	0.87	0.742	0.743	0.917	0.932	0.924	0.6485	0.9315	0.9285	0.9435	0.954	0.907	0.959	0.767	0.789	0.8205	0.7345	0.724	0.744	0.8055	0.8355	0.7495	0.7775	0.844	0.905	0.833	0.665	0.846	0.8615	0.92	0.945	0.7625	0.8435	0.9375	0.843	0.8315	0.932	0.933	0.8425	0.963	0.9105	0.7365	0.9695	0.922	0.7885	0.9515	0.9125	0.9715	0.7495	0.82	0.547	0.855
SKW63	0.924	0.879	0.923	0.918	0.9275	0.9285	0.9355	0.9205	0.9245	0.0	0.885	0.916	0.9025	0.947	0.9315	0.9395	0.923	0.9715	0.938	0.956	0.9235	0.9365	0.947	0.909	0.9195	0.9215	0.937	0.931	0.904	0.942	0.9235	0.896	0.93	0.895	0.9185	0.9735	0.967	0.954	0.888	0.9525	0.919	0.967	0.9125	0.95	0.942	0.941	0.904	0.9245	0.909	0.968	0.932	0.914	0.918	0.944	0.9115	0.9415	0.913	0.9455	0.939	0.9475	0.938	0.938	0.9205	0.949	0.919	0.91	0.948	0.918	0.919	0.991	0.965	0.973	0.907	0.956	0.9485	0.9665	0.925	0.8905	0.95	0.9255	0.9195	0.9355	0.95	0.929	0.9575	0.965	0.9165	0.9125	0.962	0.9765	0.9545	0.9545	0.934	0.907	0.9695
SKW91	0.7235	0.857	0.8545	0.529	0.87	0.826	0.2395	0.871	0.905	0.885	0.0	0.902	0.908	0.939	0.874	0.9135	0.915	0.961	0.878	0.934	0.815	0.8135	0.9255	0.867	0.9325	0.845	0.9285	0.8205	0.8025	0.946	0.8075	0.889	0.8995	0.618	0.876	0.938	0.911	0.919	0.4045	0.69	0.4205	0.913	0.84	0.8775	0.9185	0.9265	0.3135	0.242	0.2525	0.9365	0.4255	0.5365	0.5105	0.53	0.43	0.5615	0.8045	0.879	0.94	0.8875	0.8635	0.8945	0.879	0.77	0.891	0.8265	0.7905	0.9085	0.832	0.957	0.952	0.966	0.2755	0.933	0.948	0.9465	0.23	0.391	0.898	0.793	0.2535	0.8435	0.749	0.5125	0.954	0.9035	0.8875	0.774	0.898	0.908	0.9105	0.955	0.7355	0.833	0.9565
SKW50	0.8445	0.7685	0.777	0.903	0.8545	0.853	0.9495	0.77	0.556	0.916	0.902	0.0	0.829	0.8715	0.817	0.8095	0.8335	0.888	0.7685	0.861	0.7785	0.7865	0.847	0.781	0.597	0.8245	0.6305	0.6245	0.7965	0.7145	0.7705	0.849	0.7675	0.902	0.909	0.97	0.6685	0.642	0.8935	0.8715	0.9155	0.881	0.8105	0.834	0.8305	0.69	0.9125	0.936	0.9175	0.6945	0.928	0.9115	0.9235	0.9685	0.8965	0.9585	0.812	0.822	0.8435	0.7975	0.816	0.839	0.8285	0.866	0.7605	0.737	0.8885	0.9	0.751	0.7195	0.88	0.896	0.9235	0.959	0.751	0.886	0.935	0.824	0.844	0.8895	0.917	0.7995	0.8955	0.9215	0.736	0.822	0.7905	0.781	0.8715	0.8625	0.831	0.7645	0.8735	0.592	0.8885
SKW61	0.7615	0.852	0.4995	0.9405	0.5705	0.5535	0.942	0.899	0.75	0.9025	0.908	0.829	0.0	0.55	0.596	0.4075	0.1625	0.6105	0.4755	0.54	0.6875	0.5105	0.425	0.8655	0.767	0.834	0.81	0.5925	0.6575	0.6155	0.913	0.9095	0.5105	0.8915	0.948	0.9805	0.976	0.7035	0.921	0.824	0.914	0.943	0.618	0.9235	0.525	0.835	0.9195	0.9265	0.919	0.971	0.929	0.9325	0.939	0.966	0.9025	0.9635	0.557	0.5825	0.5745	0.655	0.54	0.45	0.572	0.717	0.647	0.86	0.5485	0.792	0.6805	0.988	0.6065	0.616	0.914	0.965	0.597	0.596	0.94	0.846	0.9	0.969	0.933	0.8535	0.964	0.926	0.5775	0.974	0.903	0.832	0.968	0.971	0.952	0.5855	0.6225	0.823	0.6105
SKW67	0.856	0.878	0.486	0.9615	0.4695	0.263	0.977	0.9365	0.8035	0.947	0.939	0.8715	0.55	0.0	0.6255	0.5135	0.531	0.1355	0.5335	0.2795	0.743	0.42	0.566	0.9325	0.875	0.865	0.8635	0.61	0.7485	0.7655	0.934	0.9325	0.478	0.9505	0.963	0.992	0.9795	0.757	0.954	0.8345	0.9575	0.932	0.749	0.9365	0.676	0.887	0.957	0.964	0.958	0.9725	0.965	0.956	0.974	0.976	0.938	0.984	0.712	0.731	0.309	0.802	0.6165	0.493	0.6285	0.7355	0.8055	0.8655	0.2285	0.9585	0.7865	0.9865	0.132	0.139	0.9615	0.9735	0.282	0.1205	0.971	0.8765	0.912	0.9775	0.9665	0.8785	0.98	0.9375	0.3415	0.9845	0.929	0.86	0.9765	0.9815	0.972	0.169	0.6555	0.886	0.138
SKW13	0.776	0.8115	0.538	0.8255	0.5345	0.555	0.916	0.8305	0.803	0.9315	0.874	0.817	0.596	0.6255	0.0	0.5975	0.599	0.628	0.526	0.612	0.62	0.5645	0.5915	0.785	0.8095	0.5745	0.853	0.5505	0.679	0.773	0.8135	0.8345	0.574	0.8545	0.741	0.8705	0.8365	0.738	0.842	0.802	0.854	0.8345	0.662	0.872	0.6855	0.836	0.8735	0.8955	0.8765	0.906	0.8685	0.8025	0.845	0.9065	0.8355	0.905	0.5945	0.6805	0.555	0.661	0.5545	0.5975	0.4655	0.707	0.659	0.727	0.5955	0.8785	0.7165	0.94	0.6135	0.633	0.889	0.8375	0.5645	0.6275	0.902	0.738	0.8145	0.712	0.894	0.8245	0.861	0.897	0.6125	0.8665	0.9165	0.56	0.7565	0.8215	0.879	0.617	0.6065	0.752	0.6015
SKW71	0.851	0.8785	0.463	0.9455	0.5285	0.5275	0.958	0.907	0.7255	0.9395	0.9135	0.8095	0.4075	0.5135	0.5975	0.0	0.386	0.5335	0.4315	0.489	0.671	0.4465	0.348	0.8665	0.788	0.8395	0.7075	0.5935	0.6925	0.5395	0.9125	0.914	0.2515	0.904	0.9445	0.984	0.9665	0.5705	0.9285	0.8375	0.9385	0.922	0.6365	0.9135	0.534	0.716	0.9335	0.941	0.936	0.9545	0.944	0.937	0.9545	0.968	0.9185	0.967	0.561	0.606	0.506	0.586	0.309	0.1755	0.5845	0.7305	0.629	0.8555	0.487	0.8275	0.7025	0.9705	0.528	0.5415	0.936	0.969	0.521	0.531	0.957	0.858	0.8975	0.965	0.95	0.8585	0.974	0.9365	0.517	0.9695	0.9155	0.826	0.9365	0.94	0.966	0.5175	0.6545	0.857	0.5385
SKW62	0.753	0.868	0.474	0.946	0.54	0.524	0.959	0.9105	0.771	0.923	0.915	0.8335	0.1625	0.531	0.599	0.386	0.0	0.5665	0.43	0.513	0.6915	0.473	0.435	0.861	0.786	0.836	0.832	0.5995	0.6905	0.6435	0.917	0.9065	0.487	0.9065	0.947	0.9845	0.9685	0.72	0.9305	0.827	0.932	0.9325	0.654	0.922	0.5705	0.854	0.9345	0.942	0.94	0.9655	0.9485	0.9395	0.957	0.967	0.921	0.964	0.581	0.6125	0.5345	0.67	0.559	0.4175	0.578	0.7245	0.675	0.8565	0.5135	0.834	0.7055	0.9815	0.5615	0.5745	0.9325	0.9655	0.554	0.5545	0.9565	0.8575	0.8995	0.9715	0.949	0.8605	0.973	0.9315	0.537	0.9835	0.919	0.8365	0.963	0.9705	0.971	0.544	0.6295	0.8245	0.5675
SKW48	0.8885	0.936	0.5005	0.98	0.486	0.2835	0.9935	0.965	0.8545	0.9715	0.961	0.888	0.6105	0.1355	0.628	0.5335	0.5665	0.0	0.5615	0.291	0.7545	0.432	0.584	0.95	0.9095	0.8745	0.925	0.6415	0.776	0.7955	0.9505	0.948	0.5175	0.973	0.9705	0.99	0.9945	0.78	0.9775	0.851	0.986	0.944	0.7805	0.9455	0.7135	0.907	0.9745	0.985	0.9825	0.98	0.985	0.978	0.992	0.9905	0.959	0.9925	0.734	0.7435	0.3305	0.807	0.638	0.52	0.651	0.751	0.8205	0.879	0.2345	0.965	0.8205	0.9935	0.0525	0.02	0.9825	0.9765	0.2915	0.0425	0.992	0.893	0.9155	0.987	0.9875	0.904	0.988	0.94	0.359	0.994	0.9565	0.875	0.991	0.977	0.9905	0.178	0.679	0.9145	0.0585
SKW70	0.797	0.866	0.4475	0.8875	0.508	0.5235	0.9245	0.8385	0.743	0.938	0.878	0.7685	0.4755	0.5335	0.526	0.4315	0.43	0.5615	0.0	0.5215	0.609	0.434	0.438	0.809	0.7575	0.763	0.8305	0.522	0.67	0.6515	0.826	0.8405	0.4525	0.8765	0.8735	0.9305	0.883	0.651	0.8965	0.8115	0.871	0.897	0.6395	0.824	0.5905	0.8055	0.8975	0.8955	0.891	0.883	0.8825	0.874	0.896	0.9115	0.8495	0.9155	0.533	0.587	0.541	0.6405	0.5305	0.4185	0.506	0.693	0.6335	0.7455	0.5085	0.862	0.696	0.9055	0.549	0.57	0.8935	0.902	0.4985	0.554	0.9165	0.812	0.8105	0.9075	0.9015	0.842	0.938	0.9095	0.482	0.8725	0.887	0.745	0.8875	0.89	0.8755	0.5055	0.629	0.791	0.538
SKW44	0.8625	0.898	0.459	0.9575	0.475	0.282	0.971	0.929	0.817	0.956	0.934	0.861	0.54	0.2795	0.612	0.489	0.513	0.291	0.5215	0.0	0.7155	0.403	0.565	0.8895	0.885	0.8515	0.8925	0.6105	0.7485	0.7375	0.918	0.9235	0.498	0.9475	0.952	0.9805	0.973	0.7365	0.948	0.832	0.9545	0.9305	0.752	0.925	0.697	0.8635	0.9495	0.956	0.9575	0.9645	0.958	0.951	0.969	0.971	0.9335	0.9725	0.705	0.727	0.321	0.7855	0.603	0.468	0.63	0.738	0.7945	0.854	0.287	0.9555	0.798	0.983	0.289	0.2995	0.952	0.9635	0.28	0.283	0.9665	0.8725	0.902	0.9565	0.965	0.878	0.9485	0.933	0.2215	0.9715	0.9375	0.8375	0.964	0.96	0.9685	0.2715	0.6645	0.875	0.2935
SKW45	0.7675	0.77	0.6165	0.8415	0.7115	0.7175	0.871	0.7765	0.7605	0.9235	0.815	0.7785	0.6875	0.743	0.62	0.671	0.6915	0.7545	0.609	0.7155	0.0	0.675	0.7045	0.73	0.856	0.7395	0.866	0.613	0.658	0.7505	0.838	0.8605	0.683	0.846	0.8185	0.892	0.8515	0.7275	0.848	0.797	0.799	0.8485	0.6515	0.7025	0.7015	0.865	0.822	0.841	0.827	0.868	0.818	0.7995	0.775	0.8835	0.7835	0.8845	0.548	0.6665	0.727	0.5545	0.6615	0.6885	0.6465	0.737	0.5885	0.7565	0.7415	0.9195	0.777	0.8965	0.7525	0.7695	0.818	0.884	0.727	0.747	0.851	0.765	0.7885	0.6	0.8415	0.83	0.84	0.882	0.748	0.8935	0.898	0.6895	0.8285	0.7165	0.906	0.748	0.6965	0.793	0.751
SKW29	0.7305	0.904	0.359	0.8725	0.4055	0.3245	0.854	0.919	0.7395	0.9365	0.8135	0.7865	0.5105	0.42	0.5645	0.4465	0.473	0.432	0.434	0.403	0.675	0.0	0.498	0.832	0.747	0.84	0.8265	0.5185	0.7265	0.6475	0.8765	0.877	0.462	0.854	0.927	0.9625	0.9165	0.691	0.8615	0.7225	0.885	0.9355	0.6725	0.8685	0.6355	0.826	0.824	0.839	0.834	0.8945	0.8625	0.8965	0.8885	0.855	0.8515	0.8845	0.635	0.628	0.4155	0.7175	0.563	0.443	0.5695	0.614	0.7145	0.78	0.267	0.8725	0.6305	0.914	0.4205	0.4395	0.835	0.946	0.3425	0.4345	0.8535	0.746	0.84	0.885	0.8435	0.8685	0.8405	0.817	0.357	0.9795	0.9245	0.8225	0.966	0.9205	0.9815	0.355	0.546	0.755	0.4325
SKW58	0.847	0.899	0.524	0.955	0.5585	0.5655	0.9675	0.9155	0.7365	0.947	0.9255	0.847	0.425	0.566	0.5915	0.348	0.435	0.584	0.438	0.565	0.7045	0.498	0.0	0.896	0.7815	0.8455	0.7675	0.607	0.7295	0.5485	0.91	0.9065	0.4175	0.9145	0.937	0.9825	0.9665	0.614	0.949	0.8425	0.9515	0.934	0.542	0.91	0.322	0.761	0.9435	0.953	0.9525	0.9565	0.9595	0.95	0.967	0.97	0.9295	0.9725	0.534	0.384	0.5495	0.6105	0.48	0.367	0.5725	0.707	0.5895	0.848	0.529	0.594	0.6935	0.9745	0.5775	0.5875	0.948	0.958	0.5745	0.582	0.967	0.87	0.8875	0.97	0.9585	0.882	0.9805	0.927	0.5805	0.969	0.944	0.834	0.9445	0.9585	0.9675	0.5795	0.6425	0.8765	0.583
SKW41	0.7725	0.845	0.669	0.848	0.9095	0.9095	0.9215	0.8215	0.79	0.909	0.867	0.781	0.8655	0.9325	0.785	0.8665	0.861	0.95	0.809	0.8895	0.73	0.832	0.896	0.0	0.783	0.799	0.798	0.793	0.8505	0.799	0.8225	0.829	0.885	0.8755	0.8495	0.8925	0.773	0.839	0.8785	0.917	0.8465	0.8915	0.8425	0.815	0.882	0.85	0.8745	0.9015	0.8935	0.8	0.8545	0.8205	0.8085	0.8915	0.829	0.899	0.7425	0.8635	0.8995	0.7375	0.871	0.8875	0.833	0.9255	0.7305	0.722	0.9395	0.8855	0.895	0.8325	0.9375	0.9575	0.8815	0.8865	0.838	0.9375	0.915	0.8445	0.769	0.778	0.9055	0.8645	0.8845	0.9285	0.8445	0.873	0.916	0.752	0.7885	0.7525	0.886	0.8605	0.8525	0.732	0.951
SKW19	0.8395	0.9085	0.801	0.807	0.863	0.894	0.9665	0.904	0.539	0.9195	0.9325	0.597	0.767	0.875	0.8095	0.788	0.786	0.9095	0.7575	0.885	0.856	0.747	0.7815	0.783	0.0	0.8135	0.5875	0.655	0.7935	0.459	0.91	0.7525	0.8315	0.752	0.9055	0.9775	0.7345	0.7535	0.8215	0.899	0.942	0.929	0.825	0.866	0.7325	0.721	0.945	0.955	0.9545	0.7485	0.9455	0.874	0.9605	0.9665	0.918	0.9735	0.79	0.716	0.825	0.8015	0.851	0.799	0.8235	0.883	0.729	0.767	0.8595	0.6975	0.687	0.764	0.9005	0.9145	0.9545	0.937	0.745	0.9045	0.9695	0.7715	0.814	0.86	0.961	0.783	0.901	0.9335	0.785	0.982	0.937	0.853	0.935	0.927	0.9845	0.807	0.88	0.613	0.909
SKW14	0.7225	0.8495	0.8175	0.8525	0.8195	0.8375	0.892	0.8715	0.815	0.9215	0.845	0.8245	0.834	0.865	0.5745	0.8395	0.836	0.8745	0.763	0.8515	0.7395	0.84	0.8455	0.799	0.8135	0.0	0.884	0.766	0.7395	0.8575	0.84	0.8715	0.83	0.887	0.6605	0.876	0.85	0.8525	0.8745	0.827	0.852	0.867	0.7745	0.8515	0.849	0.8935	0.868	0.8855	0.8515	0.899	0.865	0.85	0.8445	0.913	0.833	0.92	0.71	0.798	0.8465	0.7535	0.8175	0.831	0.678	0.861	0.7625	0.711	0.8715	0.925	0.831	0.9275	0.858	0.879	0.8685	0.78	0.8335	0.8585	0.88	0.7845	0.7475	0.711	0.883	0.812	0.903	0.9085	0.8605	0.8815	0.9125	0.52	0.833	0.8425	0.8885	0.8695	0.7695	0.8165	0.8445
SKW46	0.857	0.87	0.798	0.9545	0.8865	0.891	0.961	0.8965	0.271	0.937	0.9285	0.6305	0.81	0.8635	0.853	0.7075	0.832	0.925	0.8305	0.8925	0.866	0.8265	0.7675	0.798	0.5875	0.884	0.0	0.676	0.891	0.5575	0.901	0.9005	0.6865	0.9465	0.9295	0.9725	0.72	0.615	0.9445	0.898	0.9485	0.933	0.895	0.898	0.8075	0.682	0.9405	0.9555	0.9475	0.749	0.9525	0.947	0.9695	0.971	0.9245	0.9765	0.8735	0.862	0.8805	0.838	0.7175	0.7225	0.8865	0.9055	0.8465	0.8395	0.9265	0.917	0.892	0.7635	0.9195	0.933	0.946	0.949	0.8435	0.922	0.96	0.898	0.855	0.9525	0.9515	0.87	0.9765	0.93	0.7865	0.9705	0.924	0.8635	0.9465	0.924	0.965	0.8165	0.8835	0.622	0.9155
SKW68	0.804	0.8075	0.5145	0.845	0.582	0.594	0.869	0.8465	0.5825	0.931	0.8205	0.6245	0.5925	0.61	0.5505	0.5935	0.5995	0.6415	0.522	0.6105	0.613	0.5185	0.607	0.793	0.655	0.766	0.676	0.0	0.661	0.651	0.873	0.8305	0.569	0.8405	0.879	0.9425	0.7025	0.6505	0.846	0.7935	0.8365	0.8555	0.658	0.844	0.6515	0.825	0.843	0.8505	0.841	0.725	0.843	0.838	0.8565	0.903	0.822	0.9065	0.5825	0.649	0.604	0.7205	0.5515	0.5745	0.562	0.705	0.7195	0.7245	0.612	0.916	0.7325	0.7445	0.64	0.6495	0.8435	0.9205	0.5495	0.626	0.8615	0.776	0.806	0.8675	0.8495	0.825	0.906	0.8865	0.543	0.949	0.8975	0.74	0.9	0.874	0.941	0.55	0.6295	0.6245	0.6345
SKW69	0.8215	0.7795	0.703	0.8195	0.764	0.754	0.8355	0.841	0.808	0.904	0.8025	0.7965	0.6575	0.7485	0.679	0.6925	0.6905	0.776	0.67	0.7485	0.658	0.7265	0.7295	0.8505	0.7935	0.7395	0.891	0.661	0.0	0.751	0.9115	0.847	0.7345	0.813	0.9035	0.959	0.898	0.765	0.799	0.737	0.813	0.846	0.6595	0.8685	0.7	0.857	0.862	0.8325	0.833	0.957	0.8265	0.8305	0.8435	0.937	0.8105	0.936	0.6135	0.6995	0.73	0.695	0.7195	0.6845	0.7115	0.755	0.6765	0.763	0.741	0.888	0.7105	0.975	0.7735	0.781	0.8095	0.9295	0.7215	0.759	0.8425	0.778	0.888	0.8575	0.81	0.703	0.898	0.9335	0.777	0.935	0.9065	0.666	0.874	0.8855	0.9265	0.7725	0.7285	0.837	0.777
SKW32	0.861	0.918	0.6895	0.964	0.768	0.785	0.976	0.8895	0.54	0.942	0.946	0.7145	0.6155	0.7655	0.773	0.5395	0.6435	0.7955	0.6515	0.7375	0.7505	0.6475	0.5485	0.799	0.459	0.8575	0.5575	0.651	0.751	0.0	0.911	0.8945	0.618	0.9295	0.941	0.9885	0.856	0.546	0.9585	0.844	0.9595	0.936	0.6745	0.906	0.461	0.701	0.9525	0.967	0.9635	0.8535	0.9635	0.9575	0.9725	0.978	0.936	0.9835	0.6525	0.601	0.7825	0.62	0.637	0.5785	0.725	0.7765	0.652	0.7965	0.747	0.786	0.7145	0.869	0.792	0.801	0.9585	0.9545	0.7195	0.797	0.9725	0.876	0.867	0.981	0.9695	0.8675	0.989	0.937	0.6345	0.986	0.943	0.8345	0.9665	0.9365	0.9865	0.695	0.778	0.756	0.798
SKW16	0.8695	0.8425	0.8555	0.861	0.882	0.8755	0.8585	0.8335	0.8885	0.9235	0.8075	0.7705	0.913	0.934	0.8135	0.9125	0.917	0.9505	0.826	0.918	0.838	0.8765	0.91	0.8225	0.91	0.84	0.901	0.873	0.9115	0.911	0.0	0.8985	0.7765	0.8775	0.9	0.8775	0.878	0.6875	0.8285	0.901	0.8175	0.917	0.8025	0.8545	0.8985	0.6165	0.804	0.835	0.8065	0.8995	0.8495	0.8435	0.8265	0.8755	0.8195	0.8665	0.8165	0.8395	0.9285	0.8275	0.8455	0.8825	0.757	0.879	0.856	0.798	0.9095	0.914	0.824	0.935	0.942	0.9595	0.7965	0.915	0.9205	0.946	0.833	0.7965	0.8775	0.805	0.812	0.886	0.8705	0.8785	0.916	0.52	0.609	0.7925	0.814	0.845	0.401	0.9275	0.8895	0.8285	0.951
SKW66	0.9015	0.882	0.863	0.762	0.905	0.918	0.93	0.8975	0.883	0.896	0.889	0.849	0.9095	0.9325	0.8345	0.914	0.9065	0.948	0.8405	0.9235	0.8605	0.877	0.9065	0.829	0.7525	0.8715	0.9005	0.8305	0.847	0.8945	0.8985	0.0	0.895	0.499	0.9125	0.9545	0.9185	0.895	0.644	0.9225	0.9045	0.909	0.8785	0.828	0.901	0.768	0.901	0.913	0.9065	0.918	0.9135	0.83	0.9245	0.9395	0.8855	0.94	0.8535	0.887	0.8735	0.8875	0.8915	0.894	0.8885	0.9135	0.8145	0.797	0.9225	0.7885	0.687	0.9385	0.9395	0.954	0.908	0.9275	0.8235	0.934	0.934	0.736	0.873	0.8225	0.9135	0.805	0.8295	0.928	0.9175	0.9615	0.9255	0.854	0.931	0.9275	0.962	0.918	0.9115	0.8225	0.942
SKW22	0.835	0.88	0.4395	0.925	0.459	0.469	0.942	0.8665	0.7075	0.93	0.8995	0.7675	0.5105	0.478	0.574	0.2515	0.487	0.5175	0.4525	0.498	0.683	0.462	0.4175	0.885	0.8315	0.83	0.6865	0.569	0.7345	0.618	0.7765	0.895	0.0	0.9065	0.935	0.9765	0.9555	0.481	0.915	0.81	0.9185	0.928	0.7165	0.901	0.605	0.635	0.9215	0.9255	0.919	0.9475	0.928	0.9185	0.9365	0.9415	0.9035	0.951	0.6615	0.6855	0.483	0.702	0.323	0.2125	0.594	0.69	0.745	0.8215	0.4885	0.895	0.7195	0.9685	0.5085	0.5205	0.9175	0.9455	0.4815	0.509	0.9395	0.836	0.8735	0.947	0.928	0.8455	0.9565	0.901	0.461	0.859	0.8215	0.814	0.9505	0.9615	0.852	0.4785	0.6305	0.8435	0.5075
SKW89	0.847	0.902	0.8705	0.5465	0.8815	0.898	0.643	0.911	0.926	0.895	0.618	0.902	0.8915	0.9505	0.8545	0.904	0.9065	0.973	0.8765	0.9475	0.846	0.854	0.9145	0.8755	0.752	0.887	0.9465	0.8405	0.813	0.9295	0.8775	0.499	0.9065	0.0	0.9055	0.962	0.9545	0.946	0.4035	0.8835	0.704	0.9385	0.853	0.877	0.9005	0.8415	0.6545	0.626	0.645	0.949	0.7045	0.662	0.7175	0.7755	0.704	0.775	0.821	0.8385	0.887	0.893	0.879	0.892	0.899	0.8855	0.8345	0.8235	0.8825	0.77	0.6425	0.9705	0.9665	0.9765	0.677	0.9495	0.865	0.9575	0.641	0.5415	0.8765	0.742	0.6935	0.8245	0.7965	0.799	0.9675	0.961	0.908	0.8935	0.937	0.947	0.956	0.968	0.8965	0.83	0.9675
SKW43	0.6925	0.8805	0.905	0.882	0.8975	0.934	0.929	0.8665	0.9165	0.9185	0.876	0.909	0.948	0.963	0.741	0.9445	0.947	0.9705	0.8735	0.952	0.8185	0.927	0.937	0.8495	0.9055	0.6605	0.9295	0.879	0.9035	0.941	0.9	0.9125	0.935	0.9055	0.0	0.9275	0.846	0.938	0.912	0.964	0.864	0.8915	0.891	0.923	0.9425	0.9505	0.881	0.9095	0.8825	0.927	0.8745	0.863	0.8665	0.9015	0.8525	0.9075	0.848	0.8865	0.955	0.867	0.9085	0.9385	0.8565	0.953	0.8685	0.8575	0.963	0.9465	0.9415	0.9455	0.96	0.975	0.897	0.7935	0.9335	0.9685	0.9095	0.8765	0.821	0.827	0.9115	0.946	0.945	0.932	0.9605	0.9205	0.949	0.7685	0.862	0.895	0.925	0.9635	0.832	0.8875	0.955
SKW64	0.933	0.9365	0.951	0.936	0.979	0.9775	0.946	0.948	0.964	0.9735	0.938	0.97	0.9805	0.992	0.8705	0.984	0.9845	0.99	0.9305	0.9805	0.892	0.9625	0.9825	0.8925	0.9775	0.876	0.9725	0.9425	0.959	0.9885	0.8775	0.9545	0.9765	0.962	0.9275	0.0	0.933	0.973	0.945	0.992	0.9015	0.956	0.9095	0.9415	0.984	0.9805	0.9275	0.929	0.919	0.909	0.921	0.9095	0.887	0.9405	0.9125	0.9345	0.8385	0.941	0.991	0.865	0.954	0.957	0.8745	0.982	0.877	0.935	0.9905	0.982	0.985	0.9285	0.9745	0.994	0.916	0.7885	0.973	0.992	0.9435	0.9245	0.918	0.796	0.928	0.9745	0.918	0.969	0.992	0.828	0.9765	0.858	0.8065	0.8035	0.8615	0.99	0.9665	0.939	0.9865
SKW76	0.917	0.87	0.8825	0.728	0.948	0.9615	0.9335	0.8525	0.6335	0.967	0.911	0.6685	0.976	0.9795	0.8365	0.9665	0.9685	0.9945	0.883	0.973	0.8515	0.9165	0.9665	0.773	0.7345	0.85	0.72	0.7025	0.898	0.856	0.878	0.9185	0.9555	0.9545	0.846	0.933	0.0	0.8765	0.932	0.971	0.753	0.899	0.918	0.9025	0.9585	0.926	0.9135	0.9195	0.8995	0.622	0.71	0.7065	0.756	0.902	0.7885	0.861	0.8385	0.9365	0.988	0.891	0.948	0.965	0.8825	0.9885	0.8805	0.7995	0.9945	0.985	0.986	0.6245	0.987	0.9985	0.9105	0.8945	0.9145	0.9845	0.915	0.926	0.8755	0.873	0.912	0.949	0.9375	0.985	0.894	0.875	0.9685	0.7995	0.765	0.849	0.888	0.904	0.9515	0.5555	0.9875
SKW53	0.854	0.9045	0.6905	0.9505	0.756	0.7595	0.9645	0.8815	0.6365	0.954	0.919	0.642	0.7035	0.757	0.738	0.5705	0.72	0.78	0.651	0.7365	0.7275	0.691	0.614	0.839	0.7535	0.8525	0.615	0.6505	0.765	0.546	0.6875	0.895	0.481	0.946	0.938	0.973	0.8765	0.0	0.9365	0.846	0.9415	0.934	0.751	0.8955	0.6845	0.312	0.9495	0.9495	0.941	0.8735	0.9445	0.94	0.9685	0.979	0.918	0.984	0.727	0.716	0.7535	0.7145	0.5275	0.516	0.7465	0.7415	0.7435	0.7695	0.7755	0.9065	0.734	0.889	0.773	0.783	0.9405	0.9505	0.693	0.7775	0.9625	0.877	0.856	0.966	0.949	0.8525	0.978	0.936	0.6505	0.7945	0.744	0.8245	0.9375	0.9245	0.746	0.6755	0.761	0.796	0.778
SKW92	0.851	0.879	0.8785	0.438	0.886	0.8595	0.449	0.8845	0.9185	0.888	0.4045	0.8935	0.921	0.954	0.842	0.9285	0.9305	0.9775	0.8965	0.948	0.848	0.8615	0.949	0.8785	0.8215	0.8745	0.9445	0.846	0.799	0.9585	0.8285	0.644	0.915	0.4035	0.912	0.945	0.932	0.9365	0.0	0.8035	0.506	0.935	0.87	0.8735	0.9245	0.8385	0.485	0.433	0.4165	0.9435	0.5035	0.5575	0.595	0.6445	0.5415	0.639	0.8325	0.883	0.8995	0.925	0.888	0.917	0.9105	0.883	0.858	0.8075	0.8875	0.7975	0.675	0.9645	0.968	0.9825	0.4405	0.9465	0.889	0.9605	0.431	0.407	0.922	0.725	0.426	0.765	0.762	0.683	0.966	0.9185	0.902	0.8045	0.9095	0.933	0.924	0.9685	0.863	0.818	0.973
SKW12	0.6805	0.903	0.7865	0.8515	0.7785	0.7275	0.688	0.948	0.827	0.9525	0.69	0.8715	0.824	0.8345	0.802	0.8375	0.827	0.851	0.8115	0.832	0.797	0.7225	0.8425	0.917	0.899	0.827	0.898	0.7935	0.737	0.844	0.901	0.9225	0.81	0.8835	0.964	0.992	0.971	0.846	0.8035	0.0	0.856	0.93	0.8145	0.9	0.8355	0.902	0.747	0.7395	0.7615	0.9675	0.8165	0.8965	0.889	0.8525	0.8425	0.8975	0.7985	0.847	0.8465	0.845	0.8075	0.8375	0.84	0.4035	0.837	0.789	0.6845	0.951	0.735	0.986	0.847	0.8555	0.7625	0.968	0.8405	0.839	0.749	0.7295	0.898	0.918	0.7105	0.786	0.513	0.756	0.7755	0.9925	0.9355	0.7425	0.985	0.9795	0.9845	0.8345	0.4495	0.728	0.816
SKW84	0.845	0.8705	0.8675	0.3825	0.8895	0.889	0.4435	0.865	0.92	0.919	0.4205	0.9155	0.914	0.9575	0.854	0.9385	0.932	0.986	0.871	0.9545	0.799	0.885	0.9515	0.8465	0.942	0.852	0.9485	0.8365	0.813	0.9595	0.8175	0.9045	0.9185	0.704	0.864	0.9015	0.753	0.9415	0.506	0.856	0.0	0.9255	0.854	0.8935	0.9385	0.953	0.4455	0.4065	0.36	0.915	0.2455	0.3285	0.232	0.5025	0.2015	0.4545	0.7455	0.8785	0.9725	0.8875	0.8865	0.922	0.879	0.9185	0.8915	0.861	0.9245	0.938	0.91	0.933	0.9755	0.9925	0.36	0.8925	0.9585	0.968	0.3705	0.5115	0.909	0.795	0.3695	0.8865	0.858	0.647	0.9735	0.8945	0.909	0.782	0.836	0.896	0.8975	0.976	0.8775	0.837	0.9825
SKW60	0.91	0.662	0.91	0.9335	0.9205	0.9255	0.952	0.8395	0.9315	0.967	0.913	0.881	0.943	0.932	0.8345	0.922	0.9325	0.944	0.897	0.9305	0.8485	0.9355	0.934	0.8915	0.929	0.867	0.933	0.8555	0.846	0.936	0.917	0.909	0.928	0.9385	0.8915	0.956	0.899	0.934	0.935	0.93	0.9255	0.0	0.896	0.896	0.9225	0.94	0.9205	0.938	0.925	0.959	0.929	0.9265	0.931	0.96	0.8975	0.9645	0.8785	0.907	0.92	0.8595	0.9035	0.9185	0.8965	0.939	0.867	0.904	0.9455	0.961	0.8415	0.9745	0.931	0.9485	0.937	0.9365	0.936	0.9295	0.9345	0.9015	0.921	0.8995	0.9355	0.905	0.9515	0.944	0.9445	0.952	0.8835	0.834	0.841	0.893	0.9715	0.9445	0.9245	0.903	0.936
SKW56	0.8215	0.811	0.702	0.8765	0.7315	0.719	0.8945	0.8605	0.8105	0.9125	0.84	0.8105	0.618	0.749	0.662	0.6365	0.654	0.7805	0.6395	0.752	0.6515	0.6725	0.542	0.8425	0.825	0.7745	0.895	0.658	0.6595	0.6745	0.8025	0.8785	0.7165	0.853	0.891	0.9095	0.918	0.751	0.87	0.8145	0.854	0.896	0.0	0.8955	0.5215	0.875	0.855	0.8645	0.856	0.903	0.866	0.848	0.845	0.8945	0.842	0.8905	0.447	0.501	0.747	0.596	0.6955	0.649	0.611	0.7265	0.5335	0.798	0.706	0.7165	0.651	0.9375	0.768	0.7855	0.851	0.9035	0.758	0.7695	0.884	0.771	0.8485	0.841	0.868	0.845	0.874	0.886	0.7755	0.892	0.875	0.7335	0.882	0.8775	0.877	0.7755	0.7325	0.8205	0.777
SKW51	0.8885	0.8655	0.865	0.8685	0.9125	0.9295	0.9175	0.9035	0.87	0.95	0.8775	0.834	0.9235	0.9365	0.872	0.9135	0.922	0.9455	0.824	0.925	0.7025	0.8685	0.91	0.815	0.866	0.8515	0.898	0.844	0.8685	0.906	0.8545	0.828	0.901	0.877	0.923	0.9415	0.9025	0.8955	0.8735	0.9	0.8935	0.896	0.8955	0.0	0.9075	0.8905	0.907	0.9025	0.8915	0.885	0.8965	0.889	0.924	0.9605	0.87	0.9615	0.8165	0.876	0.9125	0.7895	0.887	0.91	0.842	0.934	0.7815	0.7715	0.941	0.913	0.892	0.901	0.922	0.95	0.893	0.929	0.843	0.9275	0.9155	0.876	0.8455	0.8245	0.8975	0.8235	0.892	0.9375	0.915	0.8815	0.9355	0.815	0.8845	0.6995	0.9125	0.9145	0.9285	0.852	0.943
SKW7	0.814	0.8695	0.641	0.945	0.697	0.6925	0.953	0.893	0.742	0.942	0.9185	0.8305	0.525	0.676	0.6855	0.534	0.5705	0.7135	0.5905	0.697	0.7015	0.6355	0.322	0.882	0.7325	0.849	0.8075	0.6515	0.7	0.461	0.8985	0.901	0.605	0.9005	0.9425	0.984	0.9585	0.6845	0.9245	0.8355	0.9385	0.9225	0.5215	0.9075	0.0	0.808	0.9315	0.939	0.9345	0.9585	0.9405	0.9395	0.9585	0.967	0.9175	0.975	0.531	0.3035	0.647	0.627	0.617	0.5545	0.6265	0.6805	0.558	0.847	0.665	0.552	0.667	0.9755	0.712	0.721	0.938	0.9575	0.696	0.701	0.9505	0.861	0.8495	0.967	0.944	0.841	0.9665	0.933	0.6985	0.9695	0.907	0.827	0.955	0.9555	0.9705	0.7025	0.661	0.875	0.719
SKW52	0.884	0.9025	0.8305	0.86	0.889	0.89	0.968	0.8875	0.743	0.941	0.9265	0.69	0.835	0.887	0.836	0.716	0.854	0.907	0.8055	0.8635	0.865	0.826	0.761	0.85	0.721	0.8935	0.682	0.825	0.857	0.701	0.6165	0.768	0.635	0.8415	0.9505	0.9805	0.926	0.312	0.8385	0.902	0.953	0.94	0.875	0.8905	0.808	0.0	0.9525	0.9545	0.9475	0.92	0.95	0.89	0.9735	0.9805	0.931	0.9875	0.8655	0.8515	0.838	0.817	0.6815	0.667	0.88	0.875	0.7825	0.7935	0.9015	0.828	0.7265	0.9375	0.9005	0.91	0.9465	0.9595	0.7935	0.901	0.9685	0.8055	0.8685	0.8995	0.9575	0.786	0.9075	0.9375	0.82	0.795	0.7425	0.8655	0.9325	0.9305	0.6885	0.832	0.8995	0.81	0.906
SKW95	0.726	0.8675	0.869	0.5725	0.889	0.846	0.3035	0.8735	0.917	0.904	0.3135	0.9125	0.9195	0.957	0.8735	0.9335	0.9345	0.9745	0.8975	0.9495	0.822	0.824	0.9435	0.8745	0.945	0.868	0.9405	0.843	0.862	0.9525	0.804	0.901	0.9215	0.6545	0.881	0.9275	0.9135	0.9495	0.485	0.747	0.4455	0.9205	0.855	0.907	0.9315	0.9525	0.0	0.307	0.2865	0.9345	0.473	0.539	0.3775	0.3795	0.3915	0.419	0.829	0.8815	0.9565	0.8925	0.8875	0.914	0.895	0.768	0.893	0.8955	0.805	0.9265	0.844	0.9565	0.9675	0.981	0.263	0.931	0.9555	0.9615	0.219	0.338	0.9155	0.7865	0.264	0.914	0.7265	0.377	0.972	0.911	0.902	0.8445	0.9085	0.9085	0.9145	0.9715	0.7375	0.8385	0.969
SKW87	0.7775	0.8925	0.8825	0.547	0.8965	0.857	0.1525	0.883	0.932	0.9245	0.242	0.936	0.9265	0.964	0.8955	0.941	0.942	0.985	0.8955	0.956	0.841	0.839	0.953	0.9015	0.955	0.8855	0.9555	0.8505	0.8325	0.967	0.835	0.913	0.9255	0.626	0.9095	0.929	0.9195	0.9495	0.433	0.7395	0.4065	0.938	0.8645	0.9025	0.939	0.9545	0.307	0.0	0.229	0.939	0.428	0.554	0.4875	0.5165	0.452	0.5525	0.823	0.9	0.972	0.914	0.894	0.923	0.904	0.807	0.917	0.866	0.8145	0.9325	0.852	0.9575	0.9775	0.9905	0.2495	0.935	0.9725	0.9685	0.2135	0.4035	0.9255	0.8055	0.2435	0.879	0.7585	0.5385	0.977	0.91	0.9095	0.815	0.9155	0.92	0.9135	0.979	0.792	0.855	0.9775
SKW85	0.7685	0.8715	0.88	0.5325	0.8895	0.8505	0.271	0.864	0.924	0.909	0.2525	0.9175	0.919	0.958	0.8765	0.936	0.94	0.9825	0.891	0.9575	0.827	0.834	0.9525	0.8935	0.9545	0.8515	0.9475	0.841	0.833	0.9635	0.8065	0.9065	0.919	0.645	0.8825	0.919	0.8995	0.941	0.4165	0.7615	0.36	0.925	0.856	0.8915	0.9345	0.9475	0.2865	0.229	0.0	0.928	0.416	0.514	0.4655	0.5065	0.3995	0.55	0.818	0.8765	0.964	0.901	0.885	0.9185	0.8935	0.815	0.903	0.879	0.8225	0.9345	0.8525	0.9495	0.9735	0.9875	0.219	0.927	0.962	0.967	0.205	0.3755	0.915	0.7805	0.2035	0.8945	0.764	0.5245	0.973	0.896	0.906	0.8135	0.889	0.9025	0.9035	0.973	0.782	0.841	0.9745
SKW33	0.9245	0.938	0.874	0.9355	0.952	0.953	0.9605	0.909	0.6485	0.968	0.9365	0.6945	0.971	0.9725	0.906	0.9545	0.9655	0.98	0.883	0.9645	0.868	0.8945	0.9565	0.8	0.7485	0.899	0.749	0.725	0.957	0.8535	0.8995	0.918	0.9475	0.949	0.927	0.909	0.622	0.8735	0.9435	0.9675	0.915	0.959	0.903	0.885	0.9585	0.92	0.9345	0.939	0.928	0.0	0.92	0.9115	0.8945	0.9485	0.921	0.9505	0.868	0.936	0.9795	0.873	0.9375	0.955	0.858	0.9685	0.8725	0.8085	0.974	0.9725	0.974	0.085	0.9615	0.985	0.932	0.908	0.8875	0.9755	0.9525	0.9315	0.8545	0.884	0.942	0.9495	0.9355	0.97	0.888	0.9145	0.967	0.8605	0.91	0.834	0.9255	0.8925	0.951	0.5825	0.977
SKW79	0.8345	0.891	0.877	0.311	0.898	0.8725	0.448	0.88	0.9315	0.932	0.4255	0.928	0.929	0.965	0.8685	0.944	0.9485	0.985	0.8825	0.958	0.818	0.8625	0.9595	0.8545	0.9455	0.865	0.9525	0.843	0.8265	0.9635	0.8495	0.9135	0.928	0.7045	0.8745	0.921	0.71	0.9445	0.5035	0.8165	0.2455	0.929	0.866	0.8965	0.9405	0.95	0.473	0.428	0.416	0.92	0.0	0.261	0.3125	0.4925	0.2705	0.4465	0.7625	0.9005	0.9725	0.906	0.9	0.928	0.902	0.8925	0.906	0.8525	0.897	0.9385	0.8855	0.938	0.978	0.99	0.3945	0.8965	0.962	0.964	0.402	0.5085	0.913	0.8075	0.3825	0.871	0.837	0.6235	0.9725	0.9135	0.9175	0.7885	0.8535	0.917	0.9135	0.9725	0.855	0.8435	0.98
SKW82	0.8745	0.8785	0.8845	0.31	0.91	0.9155	0.583	0.876	0.9285	0.914	0.5365	0.9115	0.9325	0.956	0.8025	0.937	0.9395	0.978	0.874	0.951	0.7995	0.8965	0.95	0.8205	0.874	0.85	0.947	0.838	0.8305	0.9575	0.8435	0.83	0.9185	0.662	0.863	0.9095	0.7065	0.94	0.5575	0.8965	0.3285	0.9265	0.848	0.889	0.9395	0.89	0.539	0.554	0.514	0.9115	0.261	0.0	0.3585	0.5765	0.34	0.5305	0.7555	0.8925	0.9065	0.895	0.899	0.919	0.8895	0.9365	0.8425	0.85	0.938	0.8695	0.864	0.932	0.971	0.983	0.523	0.887	0.9035	0.959	0.5215	0.522	0.9015	0.7715	0.5145	0.8615	0.8215	0.695	0.9655	0.905	0.9135	0.8235	0.839	0.9045	0.9055	0.967	0.897	0.82	0.971
SKW80	0.829	0.864	0.8615	0.4385	0.9045	0.8905	0.5175	0.8685	0.9435	0.918	0.5105	0.9235	0.939	0.974	0.845	0.9545	0.957	0.992	0.896	0.969	0.775	0.8885	0.967	0.8085	0.9605	0.8445	0.9695	0.8565	0.8435	0.9725	0.8265	0.9245	0.9365	0.7175	0.8665	0.887	0.756	0.9685	0.595	0.889	0.232	0.931	0.845	0.924	0.9585	0.9735	0.3775	0.4875	0.4655	0.8945	0.3125	0.3585	0.0	0.409	0.242	0.3595	0.758	0.9025	0.9775	0.882	0.9115	0.9335	0.8815	0.919	0.8885	0.8915	0.923	0.9575	0.9165	0.9265	0.983	0.9965	0.3895	0.8845	0.973	0.977	0.4095	0.489	0.899	0.781	0.4345	0.931	0.854	0.5465	0.986	0.8845	0.9245	0.8195	0.8415	0.8915	0.8905	0.973	0.8645	0.8485	0.9885
SKW3	0.7945	0.9325	0.8895	0.5895	0.914	0.869	0.526	0.9295	0.954	0.944	0.53	0.9685	0.966	0.976	0.9065	0.968	0.967	0.9905	0.9115	0.971	0.8835	0.855	0.97	0.8915	0.9665	0.913	0.971	0.903	0.937	0.978	0.8755	0.9395	0.9415	0.7755	0.9015	0.9405	0.902	0.979	0.6445	0.8525	0.5025	0.96	0.8945	0.9605	0.967	0.9805	0.3795	0.5165	0.5065	0.9485	0.4925	0.5765	0.409	0.0	0.451	0.1785	0.856	0.9315	0.981	0.9435	0.9205	0.939	0.9265	0.8575	0.9455	0.945	0.8625	0.9585	0.868	0.96	0.9835	0.995	0.4425	0.9305	0.98	0.9845	0.4455	0.501	0.94	0.852	0.4875	0.963	0.824	0.201	0.9905	0.9325	0.9425	0.9035	0.9105	0.955	0.9275	0.9885	0.807	0.8725	0.9875
SKW83	0.818	0.8525	0.8455	0.415	0.8755	0.8695	0.477	0.8555	0.907	0.9115	0.43	0.8965	0.9025	0.938	0.8355	0.9185	0.921	0.959	0.8495	0.9335	0.7835	0.8515	0.9295	0.829	0.918	0.833	0.9245	0.822	0.8105	0.936	0.8195	0.8855	0.9035	0.704	0.8525	0.9125	0.7885	0.918	0.5415	0.8425	0.2015	0.8975	0.842	0.87	0.9175	0.931	0.3915	0.452	0.3995	0.921	0.2705	0.34	0.242	0.451	0.0	0.4055	0.742	0.86	0.9455	0.88	0.8765	0.9015	0.8825	0.889	0.8745	0.862	0.8915	0.9195	0.8805	0.9395	0.9535	0.9635	0.4005	0.879	0.9375	0.9435	0.387	0.483	0.882	0.807	0.377	0.889	0.8535	0.5615	0.946	0.915	0.8955	0.7925	0.8515	0.907	0.919	0.9465	0.842	0.8125	0.954
SKW4	0.8485	0.928	0.8955	0.545	0.913	0.879	0.571	0.935	0.959	0.9415	0.5615	0.9585	0.9635	0.984	0.905	0.967	0.964	0.9925	0.9155	0.9725	0.8845	0.8845	0.9725	0.899	0.9735	0.92	0.9765	0.9065	0.936	0.9835	0.8665	0.94	0.951	0.775	0.9075	0.9345	0.861	0.984	0.639	0.8975	0.4545	0.9645	0.8905	0.9615	0.975	0.9875	0.419	0.5525	0.55	0.9505	0.4465	0.5305	0.3595	0.1785	0.4055	0.0	0.827	0.9325	0.9855	0.9365	0.92	0.9475	0.9185	0.9015	0.9445	0.9445	0.9065	0.9645	0.9015	0.958	0.988	0.9985	0.4805	0.9265	0.9815	0.9895	0.486	0.53	0.939	0.8555	0.52	0.9615	0.8625	0.3065	0.99	0.9235	0.933	0.899	0.8875	0.9505	0.9175	0.9905	0.8605	0.8725	0.9875
SKW57	0.772	0.8235	0.636	0.772	0.689	0.693	0.849	0.8535	0.767	0.913	0.8045	0.812	0.557	0.712	0.5945	0.561	0.581	0.734	0.533	0.705	0.548	0.635	0.534	0.7425	0.79	0.71	0.8735	0.5825	0.6135	0.6525	0.8165	0.8535	0.6615	0.821	0.848	0.8385	0.8385	0.727	0.8325	0.7985	0.7455	0.8785	0.447	0.8165	0.531	0.8655	0.829	0.823	0.818	0.868	0.7625	0.7555	0.758	0.856	0.742	0.827	0.0	0.499	0.709	0.4405	0.617	0.584	0.558	0.7065	0.4115	0.7515	0.6725	0.77	0.6865	0.901	0.7245	0.74	0.8145	0.8265	0.7015	0.718	0.8435	0.763	0.7455	0.8155	0.8325	0.8175	0.902	0.8955	0.7325	0.8885	0.889	0.691	0.8055	0.814	0.893	0.7315	0.6755	0.8185	0.7295
SKW21	0.7615	0.87	0.6645	0.8905	0.701	0.7225	0.925	0.8715	0.789	0.9455	0.879	0.822	0.5825	0.731	0.6805	0.606	0.6125	0.7435	0.587	0.727	0.6665	0.628	0.384	0.8635	0.716	0.798	0.862	0.649	0.6995	0.601	0.8395	0.887	0.6855	0.8385	0.8865	0.941	0.9365	0.716	0.883	0.847	0.8785	0.907	0.501	0.876	0.3035	0.8515	0.8815	0.9	0.8765	0.936	0.9005	0.8925	0.9025	0.9315	0.86	0.9325	0.499	0.0	0.682	0.6075	0.658	0.6065	0.6205	0.678	0.5455	0.8365	0.6925	0.573	0.6585	0.9575	0.736	0.752	0.8815	0.939	0.702	0.74	0.894	0.809	0.788	0.916	0.8875	0.8455	0.932	0.917	0.7405	0.9325	0.914	0.7955	0.9105	0.913	0.942	0.7405	0.6825	0.8545	0.744
SKW30	0.829	0.886	0.448	0.9065	0.4745	0.3275	0.9815	0.9355	0.8205	0.939	0.94	0.8435	0.5745	0.309	0.555	0.506	0.5345	0.3305	0.541	0.321	0.727	0.4155	0.5495	0.8995	0.825	0.8465	0.8805	0.604	0.73	0.7825	0.9285	0.8735	0.483	0.887	0.955	0.991	0.988	0.7535	0.8995	0.8465	0.9725	0.92	0.747	0.9125	0.647	0.838	0.9565	0.972	0.964	0.9795	0.9725	0.9065	0.9775	0.981	0.9455	0.9855	0.709	0.682	0.0	0.788	0.6015	0.489	0.642	0.667	0.755	0.8375	0.3275	0.883	0.6625	0.994	0.3295	0.3345	0.9605	0.976	0.2715	0.3275	0.9785	0.8155	0.801	0.9195	0.977	0.826	0.9015	0.9365	0.356	0.9845	0.9055	0.856	0.9435	0.9775	0.978	0.3265	0.617	0.8585	0.3335
SKW72	0.8265	0.8315	0.7345	0.925	0.799	0.8	0.9465	0.846	0.7345	0.9475	0.8875	0.7975	0.655	0.802	0.661	0.586	0.67	0.807	0.6405	0.7855	0.5545	0.7175	0.6105	0.7375	0.8015	0.7535	0.838	0.7205	0.695	0.62	0.8275	0.8875	0.702	0.893	0.867	0.865	0.891	0.7145	0.925	0.845	0.8875	0.8595	0.596	0.7895	0.627	0.817	0.8925	0.914	0.901	0.873	0.906	0.895	0.882	0.9435	0.88	0.9365	0.4405	0.6075	0.788	0.0	0.6525	0.6185	0.6495	0.7905	0.351	0.7895	0.762	0.8125	0.706	0.902	0.7925	0.817	0.898	0.908	0.7845	0.806	0.9205	0.8195	0.7665	0.739	0.92	0.8605	0.923	0.9295	0.8135	0.8785	0.9295	0.6935	0.8005	0.6685	0.887	0.8125	0.785	0.8535	0.809
SKW74	0.7955	0.8605	0.523	0.9	0.487	0.553	0.9135	0.876	0.724	0.938	0.8635	0.816	0.54	0.6165	0.5545	0.309	0.559	0.638	0.5305	0.603	0.6615	0.563	0.48	0.871	0.851	0.8175	0.7175	0.5515	0.7195	0.637	0.8455	0.8915	0.323	0.879	0.9085	0.954	0.948	0.5275	0.888	0.8075	0.8865	0.9035	0.6955	0.887	0.617	0.6815	0.8875	0.894	0.885	0.9375	0.9	0.899	0.9115	0.9205	0.8765	0.92	0.617	0.658	0.6015	0.6525	0.0	0.2835	0.5805	0.6885	0.713	0.8225	0.5925	0.898	0.747	0.96	0.629	0.644	0.8825	0.93	0.6055	0.6305	0.908	0.805	0.8645	0.8945	0.9015	0.8515	0.9205	0.885	0.6285	0.9385	0.9005	0.798	0.8785	0.919	0.943	0.631	0.6075	0.8195	0.631
SKW73	0.855	0.8785	0.468	0.926	0.5025	0.505	0.942	0.895	0.744	0.938	0.8945	0.839	0.45	0.493	0.5975	0.1755	0.4175	0.52	0.4185	0.468	0.6885	0.443	0.367	0.8875	0.799	0.831	0.7225	0.5745	0.6845	0.5785	0.8825	0.894	0.2125	0.892	0.9385	0.957	0.965	0.516	0.917	0.8375	0.922	0.9185	0.649	0.91	0.5545	0.667	0.914	0.923	0.9185	0.955	0.928	0.919	0.9335	0.939	0.9015	0.9475	0.584	0.6065	0.489	0.6185	0.2835	0.0	0.558	0.7135	0.666	0.839	0.466	0.8435	0.7205	0.973	0.5165	0.526	0.913	0.952	0.5035	0.5105	0.9355	0.836	0.8945	0.942	0.9315	0.8595	0.955	0.918	0.5115	0.9385	0.9125	0.83	0.9375	0.948	0.9355	0.512	0.648	0.8685	0.52
SKW77	0.829	0.852	0.5895	0.9045	0.6055	0.599	0.935	0.891	0.8055	0.9205	0.879	0.8285	0.572	0.6285	0.4655	0.5845	0.578	0.651	0.506	0.63	0.6465	0.5695	0.5725	0.833	0.8235	0.678	0.8865	0.562	0.7115	0.725	0.757	0.8885	0.594	0.899	0.8565	0.8745	0.8825	0.7465	0.9105	0.84	0.879	0.8965	0.611	0.842	0.6265	0.88	0.895	0.904	0.8935	0.858	0.902	0.8895	0.8815	0.9265	0.8825	0.9185	0.558	0.6205	0.642	0.6495	0.5805	0.558	0.0	0.716	0.6705	0.612	0.601	0.901	0.7425	0.9005	0.6225	0.657	0.896	0.896	0.613	0.6415	0.925	0.795	0.8345	0.831	0.898	0.8445	0.9125	0.9	0.636	0.788	0.9145	0.6535	0.859	0.81	0.797	0.642	0.6535	0.835	0.638
SKW2	0.64	0.9215	0.655	0.904	0.687	0.644	0.768	0.9245	0.8355	0.949	0.77	0.866	0.717	0.7355	0.707	0.7305	0.7245	0.751	0.693	0.738	0.737	0.614	0.707	0.9255	0.883	0.861	0.9055	0.705	0.755	0.7765	0.879	0.9135	0.69	0.8855	0.953	0.982	0.9885	0.7415	0.883	0.4035	0.9185	0.939	0.7265	0.934	0.6805	0.875	0.768	0.807	0.815	0.9685	0.8925	0.9365	0.919	0.8575	0.889	0.9015	0.7065	0.678	0.667	0.7905	0.6885	0.7135	0.716	0.0	0.7995	0.843	0.5675	0.9255	0.6405	0.987	0.75	0.754	0.834	0.9675	0.737	0.748	0.8085	0.739	0.8195	0.9275	0.807	0.9015	0.456	0.7605	0.7275	0.9645	0.912	0.852	0.9795	0.9745	0.9585	0.731	0.3125	0.8525	0.747
